# Region file format: DS9 version 4.1
global color=green dashlist=8 3 width=1 font="helvetica 10 normal roman" select=1 highlite=1 dash=0 fixed=0 edit=1 move=1 delete=1 include=1 source=1
fk5
circle(03:04:33.115,+19:32:51.4,360")
circle(04:37:15.8961737,-47:15:09.110714,360")
circle(05:36:30.82,-75:43:54.8,360")
circle(05:43:09.660,+23:29:05,360")
circle(06:14:17.0058,+22:29:56.848,360")
circle(06:30:49.404393,-28:34:42.77881,360")
circle(07:11:54.189114,-68:30:47.41446,360")
circle(07:38:32.262,-40:42:39.42,360")
circle(07:42:49.058,-28:22:43.76,360")
circle(08:20:26.3817,-13:50:55.859,360")
circle(08:20:15.45,-41:14:35.3,360")
circle(08:35:20.61149,-45:10:34.8751,360")
circle(08:37:21.1943,-41:35:14.563,360")
circle(09:22:14.022,+06:38:23.30,360")
circle(09:44:28.9559,-13:54:41.63,360")
circle(09:53:09.3097,+07:55:35.75,360")
circle(10:22:57.9957,+10:01:52.765,360")
circle(10:56:25.584,-62:58:47.69,360")
circle(11:36:03.1198,+15:51:14.183,360")
circle(11:57:15.207,-62:24:50.93,360")
circle(12:24:22.274,-64:07:53.834,360")
circle(12:43:17.101,-64:23:23.73,360")
circle(13:02:47.638337,-63:50:08.62859,360")
circle(13:16:46.3,-62:32:12.2,360")
circle(13:26:58.217,-58:59:29.29,360")
circle(13:27:17.176,-62:22:45.46,360")
circle(13:38:09.35,-62:04:18.7,360")
circle(13:59:58.248,-60:38:07.55,360")
circle(14:28:26.246,-55:30:50.1,360")
circle(14:30:40.735,-66:23:05.55,360")
circle(14:53:32.6546,-64:13:16.047,360")
circle(14:55:59.923,-68:43:39.50,360")
circle(15:50:54.12386,-54:18:24.1141,360")
circle(15:59:41.526126,-44:38:45.901778,360")
circle(16:00:53.015,-50:44:21.30,360")
circle(16:14:11.29,-50:48:03.5,360")
circle(16:30:37.47,-47:33:05.0,360")
circle(16:33:00.083,-50:15:08.40,360")
circle(16:44:49.273,-45:59:09.71,360")
circle(16:51:48.77,-42:46:09.4,360")
circle(17:05:36.099,-19:06:38.6,360")
circle(17:09:42.728,-44:29:08.24,360")
circle(17:30:21.66624,-23:04:31.19,360")
circle(17:31:42.160,-47:44:36.26,360")
circle(17:51:42.196,-46:57:26.53,360")
circle(17:52:58.6896,-28:06:37.3,360")
circle(18:01:19.81488,-23:04:44.637,360")
circle(18:03:51.4105,-21:37:07.351,360")
circle(18:20:52.5934,-04:27:37.712,360")
circle(18:27:02.735,-07:50:19.2,360")
circle(18:29:43.137,-17:51:03.9,360")
circle(18:33:33.57,-10:34:07.5,360")
circle(19:15:29.991,+10:09:43.37,360")
circle(19:17:39.7864,+13:53:57.077,360")
circle(19:32:14.0570,+10:59:33.38,360")
circle(19:48:25.0067,+35:40:11.057,360")
circle(19:54:22.554,+29:23:17.29,360")
circle(20:18:03.8333,+28:39:54.212,360")
circle(20:22:37.0671,+28:54:23.104,360")
circle(20:48:35.640637,-16:16:44.55350,360")